244 246 0.117120
239 240 0.106160
238 245 0.061420
235 238 0.070480
233 240 0.076340
232 248 0.102230
231 248 0.106990
229 249 0.100980
228 241 0.014730
226 231 0.076380
223 242 0.101840
223 249 0.108980
222 225 0.098420
220 247 0.103090
219 221 0.065350
218 224 0.059930
218 227 0.091920
217 232 0.096130
216 232 0.087380
214 219 0.041040
214 221 0.104440
213 235 0.093050
213 238 0.107070
212 214 0.090240
212 219 0.080990
212 221 0.083200
212 244 0.043210
211 222 0.061920
211 225 0.106490
210 212 0.058130
210 214 0.070990
210 219 0.037280
210 221 0.036590
210 244 0.100620
209 211 0.012690
209 222 0.073570
209 225 0.116520
208 226 0.046620
208 231 0.088210
207 210 0.031580
207 212 0.056670
207 214 0.101190
207 219 0.068780
207 221 0.029020
207 244 0.092180
206 209 0.114670
205 207 0.106060
205 210 0.079320
205 214 0.073450
205 219 0.051570
205 221 0.088790
204 222 0.096260
204 225 0.050030
204 231 0.114320
203 249 0.041480
202 204 0.042070
202 209 0.109560
202 211 0.096920
202 222 0.054400
202 225 0.060560
201 216 0.113630
201 217 0.111180
201 232 0.035570
201 248 0.066680
200 203 0.056510
200 223 0.099840
200 249 0.063350
199 237 0.067670
198 223 0.090360
198 242 0.030370
197 230 0.099370
196 205 0.057180
196 214 0.082330
196 219 0.089030
195 238 0.113900
195 245 0.092860
194 220 0.115510
193 243 0.093060
192 243 0.078970
191 202 0.062160
191 204 0.070610
191 222 0.092340
191 225 0.114460
191 231 0.119350
190 220 0.043300
190 247 0.066800
189 200 0.113030
189 203 0.057790
189 220 0.094030
189 249 0.085570
188 230 0.051910
188 233 0.085750
188 240 0.095600
187 208 0.065570
187 226 0.036600
187 231 0.042150
187 248 0.117160
186 189 0.057750
186 203 0.103050
186 249 0.111950
185 201 0.069560
185 232 0.102590
185 248 0.028960
184 188 0.075660
184 197 0.053510
184 230 0.046910
183 215 0.030170
182 198 0.078700
182 223 0.084520
182 242 0.108110
181 184 0.087640
181 188 0.107780
181 196 0.116740
181 230 0.059630
180 213 0.033550
179 193 0.102560
179 212 0.091460
179 244 0.070500
178 236 0.028670
177 186 0.035370
177 189 0.035120
177 203 0.068200
177 249 0.078060
176 191 0.020890
176 202 0.042990
176 204 0.061230
176 222 0.072430
176 225 0.099390
175 246 0.035690
174 179 0.092920
174 192 0.078130
174 243 0.074150
172 180 0.081190
172 197 0.091210
172 213 0.059320
172 235 0.073880
171 172 0.068890
171 180 0.101060
171 213 0.067580
171 235 0.031060
171 238 0.056640
171 245 0.115260
170 182 0.064220
170 198 0.102370
170 223 0.036530
170 229 0.109240
170 249 0.112640
169 177 0.085710
169 186 0.056240
169 189 0.088990
169 190 0.093200
169 220 0.101040
168 187 0.040800
168 204 0.115150
168 208 0.088850
168 226 0.075550
168 231 0.002680
168 248 0.104810
167 224 0.075210
166 236 0.094790
165 171 0.116850
165 172 0.098280
165 180 0.017560
165 191 0.106730
165 213 0.050030
164 190 0.070430
164 194 0.072290
164 220 0.050010
164 247 0.099690
163 202 0.098250
163 209 0.022350
163 211 0.017080
163 222 0.054890
163 225 0.116820
162 192 0.094720
161 169 0.105710
161 177 0.072990
161 186 0.061240
161 189 0.107480
161 229 0.105090
161 249 0.118430
160 168 0.068390
160 176 0.065710
160 187 0.107940
160 191 0.054100
160 202 0.086390
160 204 0.063520
160 225 0.113140
160 231 0.066470
159 234 0.054900
159 239 0.104930
158 170 0.057220
158 200 0.071960
158 203 0.091210
158 223 0.052910
158 229 0.099250
158 249 0.057340
157 181 0.054730
157 184 0.047160
157 188 0.105010
157 197 0.071520
157 230 0.055970
156 196 0.083770
156 205 0.050880
156 207 0.075670
156 210 0.044090
156 212 0.084180
156 214 0.034350
156 219 0.007450
156 221 0.072800
155 165 0.050010
155 171 0.074870
155 172 0.049960
155 180 0.032460
155 197 0.116790
155 213 0.015590
155 235 0.096810
155 238 0.119400
154 171 0.080240
154 195 0.110160
154 235 0.092960
154 238 0.023650
154 245 0.040110
153 228 0.055830
153 241 0.042470
152 179 0.102330
152 207 0.087990
152 210 0.106360
152 212 0.058520
152 221 0.116550
152 244 0.033650
152 246 0.095100
151 168 0.092640
151 187 0.068610
151 208 0.003910
151 226 0.047920
151 231 0.092020
150 164 0.091150
150 169 0.066380
150 177 0.084280
150 186 0.080870
150 189 0.060460
150 190 0.061820
150 203 0.113510
150 220 0.041580
149 163 0.074470
149 206 0.102650
149 209 0.053630
149 211 0.058300
149 222 0.114050
149 225 0.109950
148 157 0.017120
148 181 0.056200
148 184 0.033980
148 188 0.088090
148 197 0.070850
148 230 0.040430
147 162 0.094160
147 166 0.118770
146 218 0.062520
146 224 0.113870
146 227 0.045600
145 146 0.105950
144 168 0.096500
144 185 0.030180
144 187 0.113800
144 201 0.081400
144 204 0.115400
144 231 0.098460
144 232 0.116860
144 248 0.015270
143 152 0.078310
143 175 0.104210
143 179 0.089050
143 193 0.068650
143 212 0.118750
143 244 0.075540
143 246 0.075900
142 154 0.117010
142 155 0.048180
142 165 0.047970
142 171 0.081190
142 172 0.092990
142 180 0.041240
142 195 0.089010
142 213 0.034330
142 235 0.111230
142 238 0.102370
140 147 0.047120
140 162 0.109690
139 156 0.066650
139 196 0.045930
139 205 0.018140
139 210 0.097430
139 214 0.084280
139 219 0.068330
139 221 0.105960
138 151 0.119030
138 188 0.101360
138 226 0.110640
138 233 0.095980
138 239 0.113520
138 240 0.020760
137 145 0.117080
137 146 0.035240
137 183 0.110080
137 215 0.112220
137 218 0.043250
137 224 0.102780
137 227 0.079300
136 159 0.023100
136 234 0.031850
135 141 0.066930
135 181 0.073620
135 230 0.111740
134 137 0.102960
134 145 0.103140
134 146 0.068210
134 227 0.039860
133 166 0.067780
132 154 0.081460
132 171 0.074600
132 235 0.055080
132 238 0.069350
131 143 0.058540
131 179 0.097280
131 193 0.010120
131 243 0.101120
130 194 0.058250
130 234 0.116970
129 133 0.071410
129 147 0.085310
129 166 0.033920
129 178 0.119090
129 236 0.097070
128 136 0.113580
128 159 0.091530
128 173 0.119480
128 239 0.017260
126 183 0.089120
126 215 0.058990
125 148 0.042080
125 157 0.029170
125 172 0.112200
125 181 0.080410
125 184 0.058160
125 197 0.056330
125 230 0.082480
124 142 0.061180
124 155 0.014870
124 165 0.051770
124 171 0.085840
124 172 0.047130
124 180 0.035520
124 197 0.103210
124 213 0.030330
124 235 0.104820
123 175 0.079830
123 246 0.103060
122 139 0.012170
122 156 0.055050
122 196 0.051440
122 205 0.006470
122 207 0.112410
122 210 0.085360
122 214 0.075160
122 219 0.056380
122 221 0.095250
121 158 0.087490
121 170 0.034640
121 182 0.039390
121 198 0.070310
121 223 0.045300
121 242 0.093710
120 145 0.094280
120 161 0.097890
120 229 0.082920
119 120 0.103420
119 134 0.049530
119 137 0.096760
119 145 0.053610
119 146 0.071430
119 227 0.074650
118 124 0.063000
118 142 0.116500
118 151 0.106870
118 155 0.077460
118 165 0.081590
118 172 0.086630
118 180 0.076990
118 184 0.113880
118 197 0.069020
118 208 0.106340
118 213 0.092040
117 140 0.108730
117 147 0.117940
117 167 0.094270
117 178 0.062900
117 236 0.084730
116 164 0.040600
116 190 0.079250
116 194 0.085830
116 220 0.080210
116 247 0.076380
115 153 0.051260
115 228 0.081240
115 241 0.067300
114 163 0.055260
114 176 0.083390
114 191 0.101580
114 202 0.073190
114 204 0.115260
114 209 0.076850
114 211 0.067130
114 222 0.020600
114 225 0.118960
113 121 0.053790
113 158 0.098420
113 170 0.072290
113 182 0.085360
113 198 0.050090
113 223 0.046650
113 242 0.055510
112 128 0.099600
112 136 0.056320
112 159 0.043470
112 234 0.080470
112 239 0.107220
110 122 0.053510
110 139 0.060160
110 156 0.039630
110 196 0.053230
110 205 0.053910
110 207 0.115220
110 210 0.083640
110 212 0.115500
110 214 0.029200
110 219 0.046800
110 221 0.111140
109 126 0.093320
109 137 0.050830
109 146 0.084200
109 183 0.065170
109 215 0.061790
109 218 0.071790
108 110 0.068030
108 122 0.082140
108 135 0.116440
108 139 0.077240
108 156 0.105250
108 181 0.107660
108 196 0.031320
108 205 0.087550
108 214 0.094010
108 219 0.111570
107 130 0.114360
107 173 0.089760
107 200 0.082540
107 203 0.115940
106 123 0.113620
106 131 0.022270
106 143 0.068210
106 179 0.119300
106 193 0.021190
106 243 0.109400
106 246 0.118830
105 106 0.010340
105 123 0.103920
105 131 0.032340
105 143 0.072170
105 193 0.031410
105 243 0.116740
105 246 0.116040
104 144 0.081610
104 185 0.079360
104 201 0.025970
104 217 0.095680
104 232 0.048880
104 248 0.066400
103 174 0.037080
103 192 0.042870
103 243 0.057310
102 138 0.098310
102 187 0.093740
102 226 0.077750
102 240 0.117400
101 108 0.054910
101 110 0.077830
101 122 0.050900
101 125 0.105210
101 139 0.039830
101 156 0.099300
101 157 0.108690
101 181 0.103360
101 196 0.031150
101 205 0.057340
101 214 0.106620
101 219 0.102790
100 103 0.065800
100 133 0.080990
100 174 0.068270
100 192 0.070560
099 129 0.107650
099 140 0.051500
099 147 0.031710
099 162 0.064550
098 117 0.114250
098 178 0.051830
098 236 0.044330
097 144 0.071380
097 160 0.087560
097 168 0.109040
097 176 0.109730
097 185 0.077790
097 191 0.115620
097 202 0.088700
097 204 0.049510
097 225 0.056640
097 231 0.109380
097 248 0.085980
096 199 0.015690
096 237 0.065530
095 115 0.094230
095 153 0.117100
095 216 0.117850
094 141 0.080700
094 198 0.090530
094 242 0.090950
093 097 0.075500
093 144 0.083710
093 160 0.043600
093 168 0.036410
093 176 0.105700
093 185 0.110510
093 187 0.076400
093 191 0.097040
093 202 0.115020
093 204 0.079080
093 226 0.111880
093 231 0.035940
093 248 0.096080
092 122 0.117020
092 132 0.079720
092 139 0.113490
092 171 0.089610
092 172 0.092960
092 205 0.116280
092 235 0.060400
091 109 0.061290
091 119 0.093880
091 134 0.095440
091 137 0.010610
091 145 0.119050
091 146 0.027230
091 218 0.040880
091 224 0.098630
091 227 0.069600
090 113 0.118280
090 173 0.069730
090 233 0.105170
090 242 0.101150
089 116 0.060890
089 127 0.106820
089 130 0.105840
089 164 0.074940
089 194 0.051100
088 098 0.085670
088 182 0.097790
087 111 0.111900
087 130 0.036840
087 136 0.103420
087 194 0.082730
087 234 0.083020
086 108 0.115780
086 135 0.103450
086 141 0.056400
085 152 0.106620
085 175 0.111470
085 246 0.096980
084 100 0.095320
084 103 0.057470
084 106 0.119630
084 131 0.100140
084 174 0.027700
084 179 0.069940
084 192 0.100340
084 193 0.098440
084 243 0.072210
083 095 0.119820
083 104 0.085110
083 201 0.092380
083 217 0.036950
083 232 0.068120
082 085 0.043440
082 152 0.065900
082 175 0.119140
082 207 0.102900
082 212 0.108880
082 244 0.099130
082 246 0.092650
081 119 0.082250
081 134 0.045080
081 146 0.112540
081 227 0.075880
081 229 0.101660
080 097 0.089380
080 149 0.096150
080 202 0.113860
080 204 0.104230
080 225 0.055770
079 084 0.097000
079 110 0.116330
079 174 0.101100
079 179 0.074310
079 212 0.113280
079 214 0.092940
078 112 0.108170
078 128 0.036330
078 138 0.099550
078 159 0.113890
078 239 0.020650
078 240 0.095360
077 078 0.109660
077 102 0.027370
077 138 0.071710
077 151 0.117650
077 187 0.106550
077 208 0.118480
077 226 0.081750
077 240 0.090310
076 095 0.073700
076 115 0.036580
076 153 0.043950
076 228 0.094690
076 241 0.080040
075 089 0.033940
075 116 0.027060
075 164 0.048460
075 190 0.103870
075 194 0.064520
075 220 0.096690
075 247 0.101910
074 109 0.107300
074 126 0.077490
074 183 0.051900
074 215 0.046430
073 120 0.107750
073 145 0.091490
072 107 0.117310
072 150 0.082100
072 177 0.064340
072 186 0.093590
072 189 0.037060
072 200 0.081580
072 203 0.034700
072 220 0.103290
072 249 0.074520
071 135 0.104480
071 148 0.091210
071 157 0.105740
071 181 0.088370
071 184 0.093260
071 188 0.038940
071 230 0.051080
071 233 0.077280
071 240 0.116830
070 079 0.015760
070 084 0.081290
070 100 0.113090
070 174 0.085740
070 179 0.065280
070 212 0.117950
070 214 0.107350
070 244 0.119570
069 107 0.056400
069 128 0.118960
069 173 0.052820
068 114 0.067360
068 160 0.103880
068 165 0.107690
068 176 0.043960
068 191 0.049820
068 202 0.073290
068 204 0.103360
068 222 0.068110
067 083 0.073380
067 112 0.113310
067 217 0.045010
066 149 0.075610
066 206 0.051540
066 209 0.111070
065 071 0.068430
065 125 0.105350
065 138 0.113700
065 148 0.071620
065 151 0.103040
065 157 0.088380
065 181 0.109220
065 184 0.047900
065 188 0.035520
065 197 0.093010
065 208 0.106770
065 230 0.050070
065 240 0.114150
064 091 0.043940
064 109 0.061440
064 119 0.068130
064 134 0.092370
064 137 0.039770
064 145 0.077910
064 146 0.043840
064 183 0.098980
064 215 0.111740
064 218 0.082980
064 227 0.084900
063 096 0.022310
063 199 0.018210
063 237 0.049620
062 071 0.109010
062 078 0.111400
062 090 0.086350
062 128 0.117440
062 138 0.094780
062 188 0.113570
062 233 0.031920
062 239 0.108040
062 240 0.074050
061 087 0.051630
061 089 0.090500
061 111 0.067390
061 130 0.068670
061 194 0.074660
061 234 0.109770
060 063 0.066370
060 096 0.056900
060 111 0.087120
060 199 0.048680
060 237 0.115950
059 080 0.068450
059 097 0.064420
059 144 0.080840
059 185 0.061350
059 204 0.107960
059 225 0.083260
059 248 0.087630
058 068 0.047950
058 114 0.019470
058 163 0.074250
058 176 0.068450
058 191 0.085070
058 202 0.067780
058 204 0.108910
058 209 0.095400
058 211 0.085010
058 222 0.027590
057 065 0.067500
057 118 0.080240
057 125 0.063490
057 148 0.060920
057 151 0.107730
057 157 0.067730
057 172 0.116730
057 181 0.117100
057 184 0.033680
057 188 0.101230
057 197 0.025830
057 208 0.110020
057 230 0.080490
056 073 0.059180
056 119 0.119160
056 120 0.050270
056 145 0.085520
056 161 0.118510
055 067 0.085050
055 078 0.089550
055 112 0.045900
055 128 0.097450
055 136 0.101110
055 159 0.084140
055 217 0.118520
055 239 0.097440
054 099 0.080370
054 117 0.089360
054 140 0.029220
054 147 0.070030
053 056 0.055420
053 073 0.103720
053 081 0.111790
053 119 0.076200
053 120 0.027820
053 134 0.108510
053 145 0.069020
053 229 0.093150
052 077 0.105330
052 093 0.099730
052 102 0.101300
052 151 0.034220
052 168 0.063880
052 187 0.034470
052 208 0.031350
052 226 0.023840
052 231 0.063920
051 070 0.079900
051 079 0.069840
051 086 0.108470
051 110 0.114910
051 133 0.116760
051 214 0.107130
050 059 0.042260
050 080 0.101730
050 097 0.101540
050 104 0.117840
050 144 0.088510
050 185 0.059420
050 201 0.096730
050 232 0.116670
050 248 0.088020
049 059 0.082960
049 080 0.081960
049 093 0.087390
049 097 0.031210
049 144 0.102340
049 160 0.083340
049 176 0.086100
049 185 0.108330
049 191 0.096280
049 202 0.058750
049 204 0.025680
049 222 0.109270
049 225 0.033140
049 248 0.117080
048 050 0.099580
048 083 0.087820
048 104 0.060050
048 144 0.114070
048 185 0.095000
048 201 0.038410
048 216 0.075310
048 217 0.117100
048 232 0.021090
048 248 0.100570
047 064 0.104440
047 091 0.066580
047 109 0.075050
047 137 0.065690
047 146 0.090710
047 167 0.114220
047 218 0.029140
047 224 0.052380
046 161 0.078920
046 169 0.068540
046 177 0.111180
046 186 0.076890
045 048 0.111270
045 067 0.062250
045 076 0.110370
045 083 0.029060
045 095 0.101350
045 104 0.114170
045 217 0.045350
045 232 0.093230
044 049 0.021070
044 059 0.095730
044 068 0.119300
044 080 0.102810
044 093 0.067930
044 097 0.033650
044 144 0.097650
044 160 0.062680
044 168 0.104330
044 176 0.076130
044 185 0.109450
044 191 0.082400
044 202 0.059710
044 204 0.017740
044 222 0.113700
044 225 0.053360
044 231 0.103840
044 248 0.112880
043 082 0.085760
043 152 0.089330
043 156 0.101220
043 207 0.027080
043 210 0.057630
043 212 0.075540
043 219 0.094050
043 221 0.037650
043 244 0.102740
042 086 0.096390
042 101 0.096880
042 108 0.066640
042 135 0.050080
042 141 0.088800
042 157 0.114670
042 181 0.065060
042 196 0.091130
041 081 0.118540
041 088 0.063740
041 121 0.078160
041 170 0.099730
041 182 0.038780
041 198 0.103230
040 075 0.071660
040 089 0.103290
040 116 0.051000
040 150 0.070510
040 164 0.033950
040 190 0.036490
040 194 0.106240
040 220 0.031500
040 247 0.077410
039 066 0.055900
039 080 0.102770
039 149 0.053820
039 206 0.104120
039 209 0.106540
039 211 0.112090
038 074 0.069070
038 109 0.092450
038 126 0.008450
038 183 0.082790
038 215 0.052900
037 076 0.026740
037 095 0.093520
037 115 0.013980
037 153 0.038460
037 228 0.075960
037 241 0.061390
036 041 0.053290
036 088 0.018410
036 098 0.085150
036 182 0.090550
035 036 0.088040
035 041 0.106060
035 088 0.071420
035 094 0.062540
035 141 0.113880
035 198 0.106450
034 053 0.085650
034 056 0.043990
034 073 0.018120
034 120 0.090750
034 145 0.077840
033 058 0.091020
033 114 0.085930
033 163 0.106780
033 222 0.106440
032 052 0.079880
032 077 0.114660
032 093 0.074100
032 102 0.092510
032 104 0.100760
032 144 0.073330
032 151 0.114080
032 160 0.116270
032 168 0.054340
032 185 0.101650
032 187 0.045940
032 201 0.118010
032 208 0.111210
032 226 0.074210
032 231 0.057000
032 248 0.073670
031 037 0.094870
031 115 0.087300
031 153 0.107690
031 228 0.079130
031 241 0.078710
030 043 0.101260
030 070 0.108350
030 079 0.108180
030 082 0.109260
030 143 0.087400
030 152 0.045650
030 156 0.113640
030 179 0.065700
030 207 0.087080
030 210 0.091240
030 212 0.033140
030 214 0.112800
030 219 0.111460
030 221 0.114960
030 244 0.014750
029 047 0.029210
029 064 0.107520
029 091 0.064290
029 109 0.094400
029 137 0.068030
029 146 0.081910
029 167 0.108210
029 218 0.025240
029 224 0.034770
029 227 0.102080
028 035 0.104870
028 041 0.109020
028 094 0.084770
028 113 0.054830
028 121 0.078010
028 170 0.109870
028 182 0.085840
028 198 0.007750
028 223 0.096770
028 242 0.025030
027 062 0.074190
027 065 0.072070
027 071 0.051070
027 138 0.078140
027 184 0.115440
027 188 0.039890
027 230 0.088170
027 233 0.048830
027 240 0.065810
026 055 0.099330
026 077 0.038540
026 078 0.094130
026 102 0.041900
026 138 0.096540
026 217 0.119100
026 226 0.116440
026 239 0.114610
026 240 0.110970
025 060 0.034050
025 063 0.093660
025 096 0.088790
025 111 0.053090
025 199 0.077790
024 039 0.079510
024 066 0.084570
024 080 0.118140
024 114 0.103970
024 149 0.029150
024 163 0.050340
024 206 0.096020
024 209 0.028020
024 211 0.036960
024 222 0.098350
024 225 0.119960
023 033 0.060320
023 058 0.070720
023 068 0.074370
023 114 0.079600
023 176 0.117090
023 195 0.080900
023 222 0.096920
022 034 0.036580
022 053 0.070330
022 056 0.015080
022 073 0.048710
022 120 0.064640
022 145 0.093240
021 027 0.018730
021 062 0.074240
021 065 0.078110
021 071 0.037820
021 138 0.095940
021 184 0.116660
021 188 0.042800
021 230 0.082760
021 233 0.044090
021 240 0.082070
020 040 0.070680
020 075 0.028970
020 089 0.056900
020 116 0.020950
020 127 0.118370
020 164 0.060880
020 190 0.095290
020 194 0.093490
020 220 0.100720
020 247 0.077250
019 070 0.068720
019 079 0.083640
019 084 0.035400
019 100 0.063970
019 103 0.053190
019 174 0.019250
019 179 0.087330
019 192 0.090850
019 243 0.093230
018 035 0.116090
018 051 0.116450
018 086 0.028130
018 094 0.117720
018 141 0.064660
017 041 0.105190
017 081 0.057630
017 121 0.097280
017 134 0.101710
017 158 0.105420
017 170 0.077560
017 182 0.094230
017 223 0.113370
017 229 0.066760
016 054 0.074060
016 098 0.116230
016 099 0.102100
016 117 0.051340
016 129 0.093250
016 140 0.079520
016 147 0.071710
016 166 0.114750
016 178 0.069810
016 236 0.073880
015 024 0.045070
015 039 0.090510
015 049 0.105190
015 058 0.104620
015 066 0.117970
015 080 0.082170
015 114 0.091040
015 149 0.042560
015 163 0.055890
015 202 0.087860
015 204 0.110740
015 209 0.045800
015 211 0.040000
015 222 0.077260
015 225 0.074980
014 018 0.073350
014 051 0.096030
014 086 0.091450
014 129 0.107370
014 133 0.066490
014 166 0.080960
013 019 0.089270
013 100 0.025600
013 103 0.087410
013 129 0.108430
013 133 0.062570
013 162 0.116020
013 174 0.093770
013 192 0.081280
012 028 0.060320
012 035 0.060790
012 036 0.080580
012 041 0.063640
012 088 0.074610
012 094 0.082390
012 113 0.099060
012 121 0.085420
012 170 0.119180
012 182 0.063610
012 198 0.058070
012 242 0.084570
011 030 0.086890
011 043 0.102080
011 082 0.036870
011 085 0.069280
011 143 0.087080
011 152 0.041400
011 175 0.099350
011 207 0.111010
011 212 0.097160
011 244 0.073970
011 246 0.066780
010 105 0.110280
010 106 0.119760
010 123 0.008860
010 175 0.074290
010 246 0.099770
009 023 0.035260
009 033 0.082160
009 058 0.103980
009 068 0.096040
009 114 0.114450
009 142 0.109550
009 195 0.045850
008 011 0.047090
008 030 0.039850
008 043 0.093340
008 082 0.072860
008 085 0.113310
008 143 0.074370
008 152 0.007020
008 179 0.095330
008 207 0.090110
008 210 0.106610
008 212 0.056040
008 221 0.118950
008 244 0.027110
008 246 0.097090
007 042 0.116160
007 057 0.067950
007 065 0.092350
007 071 0.110910
007 101 0.105770
007 125 0.024420
007 148 0.021750
007 157 0.005160
007 181 0.057780
007 184 0.049760
007 188 0.109820
007 197 0.069840
007 230 0.061070
006 016 0.045290
006 054 0.112350
006 098 0.098930
006 099 0.110220
006 117 0.088210
006 129 0.053630
006 140 0.108290
006 147 0.079240
006 166 0.069980
006 178 0.070070
006 236 0.055560
005 026 0.033510
005 032 0.110540
005 055 0.111310
005 067 0.108800
005 077 0.055050
005 102 0.038340
005 104 0.115740
005 217 0.094580
005 226 0.114330
004 005 0.111840
004 026 0.083470
004 055 0.064250
004 077 0.107330
004 078 0.025590
004 112 0.087510
004 128 0.047510
004 138 0.113750
004 159 0.101140
004 239 0.038830
004 240 0.113440
003 037 0.085120
003 045 0.119020
003 067 0.097250
003 076 0.080690
003 115 0.098610
003 153 0.047990
003 228 0.076350
003 241 0.070240
002 014 0.087650
002 018 0.074250
002 042 0.114560
002 051 0.050830
002 079 0.117590
002 086 0.059800
002 108 0.096270
002 110 0.117460
002 141 0.113730
001 072 0.065060
001 107 0.074840
001 130 0.102030
001 150 0.109080
001 164 0.110390
001 189 0.095820
001 194 0.110690
001 200 0.095500
001 203 0.085670
001 220 0.104280
000 015 0.057190
000 024 0.101910
000 044 0.064710
000 049 0.048490
000 058 0.099550
000 059 0.106570
000 068 0.118160
000 080 0.068210
000 097 0.077050
000 114 0.096100
000 149 0.096590
000 160 0.117140
000 163 0.093680
000 176 0.089270
000 191 0.107110
000 202 0.046780
000 204 0.054760
000 209 0.095110
000 211 0.084380
000 222 0.075730
000 225 0.023830
