00 07 
00 34 
01 14 
01 45 
01 21 
01 22 
01 22 
01 49 
02 19 
02 25 
02 33 
03 04 
03 17 
03 27 
03 36 
03 42 
04 17 
04 17 
04 27 
05 43 
06 13 
06 13 
06 28 
06 28 
07 41 
07 44 
08 19 
08 48 
09 09 
09 11 
09 30 
09 46 
10 00 
10 07 
10 28 
10 28 
10 28 
10 29 
10 29 
10 34 
10 41 
11 21 
11 30 
12 09 
12 11 
12 21 
12 21 
12 26 
13 22 
13 23 
13 47 
14 08 
14 21 
14 48 
15 08 
15 34 
15 49 
16 09 
17 20 
17 24 
17 38 
18 06 
18 28 
18 32 
18 42 
19 15 
19 40 
20 03 
20 35 
20 38 
20 46 
22 06 
23 11 
23 21 
23 22 
24 04 
24 05 
24 38 
24 43 
25 02 
25 34 
26 09 
26 12 
26 16 
27 05 
27 24 
27 32 
27 31 
27 42 
28 22 
28 29 
28 39 
28 44 
29 22 
29 49 
30 23 
30 37 
31 18 
31 32 
32 05 
32 06 
32 13 
32 37 
32 47 
33 02 
33 08 
33 19 
34 02 
34 19 
34 40 
35 09 
35 37 
35 46 
36 20 
36 42 
37 05 
37 09 
37 35 
37 47 
37 47 
38 35 
38 37 
38 38 
39 18 
39 42 
40 15 
41 28 
41 44 
42 31 
43 37 
43 38 
44 39 
45 08 
45 14 
45 14 
45 15 
45 49 
46 16 
47 23 
47 30 
48 12 
48 21 
48 33 
48 33 
49 34 
49 22 
49 49 
